0.0000	0.9990
1.0000	0.9988
2.0000	0.9985
3.0000	0.9981
4.0000	0.9979
5.0000	0.9976
6.0000	0.9972
7.0000	0.9970
8.0000	0.9957
9.0000	0.9951
10.0000	0.9932
11.0000	0.9927
12.0000	0.9923
13.0000	0.9917
14.0000	0.9911
15.0000	0.9905
16.0000	0.9886
17.0000	0.9871
18.0000	0.9861
19.0000	0.9842
20.0000	0.9823
21.0000	0.9779
22.0000	0.9766
23.0000	0.9755
24.0000	0.9747
25.0000	0.9732
26.0000	0.9710
27.0000	0.9695
28.0000	0.9682
29.0000	0.9668
30.0000	0.9657
31.0000	0.9649
32.0000	0.9635
33.0000	0.9619
34.0000	0.9591
35.0000	0.9572
36.0000	0.9551
37.0000	0.9536
38.0000	0.9515
39.0000	0.9501
40.0000	0.9485
41.0000	0.9458
42.0000	0.9417
43.0000	0.9389
44.0000	0.9350
45.0000	0.9318
46.0000	0.9286
47.0000	0.9256
48.0000	0.9239
49.0000	0.9225
50.0000	0.9201
51.0000	0.9180
52.0000	0.9167
53.0000	0.9148
54.0000	0.9131
55.0000	0.9115
56.0000	0.9102
57.0000	0.9079
58.0000	0.9043
59.0000	0.9015
60.0000	0.8991
61.0000	0.8957
62.0000	0.8938
63.0000	0.8916
64.0000	0.8899
65.0000	0.8876
66.0000	0.8828
67.0000	0.8773
68.0000	0.8743
69.0000	0.8695
70.0000	0.8670
71.0000	0.8648
72.0000	0.8630
73.0000	0.8609
74.0000	0.8588
75.0000	0.8553
76.0000	0.8523
77.0000	0.8509
78.0000	0.8482
79.0000	0.8459
80.0000	0.8442
81.0000	0.8425
82.0000	0.8407
83.0000	0.8375
84.0000	0.8347
85.0000	0.8323
86.0000	0.8291
87.0000	0.8270
88.0000	0.8238
89.0000	0.8221
90.0000	0.8198
91.0000	0.8161
92.0000	0.8095
93.0000	0.8069
94.0000	0.8027
95.0000	0.8005
96.0000	0.7983
97.0000	0.7965
98.0000	0.7941
99.0000	0.7924
100.0000	0.7886
101.0000	0.7860
102.0000	0.7848
103.0000	0.7813
104.0000	0.7793
105.0000	0.7780
106.0000	0.7764
107.0000	0.7747
108.0000	0.7708
109.0000	0.7659
110.0000	0.7638
111.0000	0.7608
112.0000	0.7578
113.0000	0.7547
114.0000	0.7531
115.0000	0.7509
116.0000	0.7476
117.0000	0.7437
118.0000	0.7409
119.0000	0.7379
120.0000	0.7353
121.0000	0.7333
122.0000	0.7319
123.0000	0.7303
124.0000	0.7285
125.0000	0.7257
126.0000	0.7225
127.0000	0.7209
128.0000	0.7187
129.0000	0.7169
130.0000	0.7159
131.0000	0.7143
132.0000	0.7129
133.0000	0.7107
134.0000	0.7088
135.0000	0.7074
136.0000	0.7052
137.0000	0.7032
138.0000	0.7007
139.0000	0.6994
140.0000	0.6976
141.0000	0.6951
142.0000	0.6923
143.0000	0.6899
144.0000	0.6856
145.0000	0.6843
146.0000	0.6825
147.0000	0.6807
148.0000	0.6790
149.0000	0.6777
150.0000	0.6751
151.0000	0.6727
152.0000	0.6712
153.0000	0.6692
154.0000	0.6679
155.0000	0.6672
156.0000	0.6663
157.0000	0.6652
158.0000	0.6635
159.0000	0.6617
160.0000	0.6586
161.0000	0.6561
162.0000	0.6544
163.0000	0.6525
164.0000	0.6513
165.0000	0.6501
166.0000	0.6482
167.0000	0.6457
168.0000	0.6433
169.0000	0.6394
170.0000	0.6382
171.0000	0.6364
172.0000	0.6348
173.0000	0.6339
174.0000	0.6330
175.0000	0.6308
176.0000	0.6291
177.0000	0.6282
178.0000	0.6259
179.0000	0.6244
180.0000	0.6239
181.0000	0.6227
182.0000	0.6216
183.0000	0.6202
184.0000	0.6188
185.0000	0.6160
186.0000	0.6136
187.0000	0.6119
188.0000	0.6106
189.0000	0.6097
190.0000	0.6083
191.0000	0.6067
192.0000	0.6049
193.0000	0.6029
194.0000	0.5991
195.0000	0.5977
196.0000	0.5961
197.0000	0.5951
198.0000	0.5941
199.0000	0.5929
200.0000	0.5910
201.0000	0.5895
202.0000	0.5886
203.0000	0.5867
204.0000	0.5850
205.0000	0.5842
206.0000	0.5833
207.0000	0.5824
208.0000	0.5813
209.0000	0.5802
210.0000	0.5785
211.0000	0.5768
212.0000	0.5756
213.0000	0.5742
214.0000	0.5734
215.0000	0.5720
216.0000	0.5702
217.0000	0.5687
218.0000	0.5667
219.0000	0.5635
220.0000	0.5623
221.0000	0.5605
222.0000	0.5596
223.0000	0.5587
224.0000	0.5580
225.0000	0.5564
226.0000	0.5548
227.0000	0.5541
228.0000	0.5525
229.0000	0.5513
230.0000	0.5507
231.0000	0.5499
232.0000	0.5490
233.0000	0.5484
234.0000	0.5474
235.0000	0.5458
236.0000	0.5443
237.0000	0.5434
238.0000	0.5424
239.0000	0.5418
240.0000	0.5405
241.0000	0.5391
242.0000	0.5378
243.0000	0.5361
244.0000	0.5336
245.0000	0.5322
246.0000	0.5310
247.0000	0.5304
248.0000	0.5296
249.0000	0.5290
250.0000	0.5276
251.0000	0.5265
252.0000	0.5260
253.0000	0.5244
254.0000	0.5234
255.0000	0.5229
256.0000	0.5223
257.0000	0.5212
258.0000	0.5204
259.0000	0.5195
260.0000	0.5182
261.0000	0.5167
262.0000	0.5159
263.0000	0.5149
264.0000	0.5143
265.0000	0.5131
266.0000	0.5122
267.0000	0.5105
268.0000	0.5095
269.0000	0.5069
270.0000	0.5057
271.0000	0.5041
272.0000	0.5035
273.0000	0.5030
274.0000	0.5024
275.0000	0.5014
276.0000	0.5004
277.0000	0.4997
278.0000	0.4987
279.0000	0.4972
280.0000	0.4967
281.0000	0.4962
282.0000	0.4952
283.0000	0.4944
284.0000	0.4937
285.0000	0.4923
286.0000	0.4908
287.0000	0.4901
288.0000	0.4892
289.0000	0.4885
290.0000	0.4878
291.0000	0.4868
292.0000	0.4860
293.0000	0.4848
294.0000	0.4823
295.0000	0.4813
296.0000	0.4795
297.0000	0.4789
298.0000	0.4783
299.0000	0.4777
300.0000	0.4766
301.0000	0.4758
302.0000	0.4753
303.0000	0.4744
304.0000	0.4735
305.0000	0.4731
306.0000	0.4726
307.0000	0.4719
308.0000	0.4715
309.0000	0.4709
310.0000	0.4703
311.0000	0.4691
312.0000	0.4685
313.0000	0.4676
314.0000	0.4673
315.0000	0.4668
316.0000	0.4659
317.0000	0.4649
318.0000	0.4639
319.0000	0.4617
320.0000	0.4608
321.0000	0.4592
322.0000	0.4587
323.0000	0.4583
324.0000	0.4578
325.0000	0.4568
326.0000	0.4564
327.0000	0.4561
328.0000	0.4553
329.0000	0.4545
330.0000	0.4543
331.0000	0.4538
332.0000	0.4532
333.0000	0.4523
334.0000	0.4520
335.0000	0.4517
336.0000	0.4506
337.0000	0.4501
338.0000	0.4494
339.0000	0.4489
340.0000	0.4486
341.0000	0.4479
342.0000	0.4473
343.0000	0.4466
344.0000	0.4449
345.0000	0.4442
346.0000	0.4431
347.0000	0.4428
348.0000	0.4424
349.0000	0.4417
350.0000	0.4410
351.0000	0.4406
352.0000	0.4403
353.0000	0.4398
354.0000	0.4393
355.0000	0.4390
356.0000	0.4386
357.0000	0.4380
358.0000	0.4377
359.0000	0.4372
360.0000	0.4365
361.0000	0.4355
362.0000	0.4350
363.0000	0.4343
364.0000	0.4340
365.0000	0.4335
366.0000	0.4328
367.0000	0.4324
368.0000	0.4319
369.0000	0.4304
370.0000	0.4297
371.0000	0.4290
372.0000	0.4288
373.0000	0.4284
374.0000	0.4280
375.0000	0.4271
376.0000	0.4269
377.0000	0.4266
378.0000	0.4262
379.0000	0.4258
380.0000	0.4255
381.0000	0.4253
382.0000	0.4251
383.0000	0.4246
384.0000	0.4241
385.0000	0.4236
386.0000	0.4227
387.0000	0.4223
388.0000	0.4219
389.0000	0.4217
390.0000	0.4213
391.0000	0.4206
392.0000	0.4203
393.0000	0.4200
394.0000	0.4185
395.0000	0.4180
396.0000	0.4175
397.0000	0.4170
398.0000	0.4166
399.0000	0.4162
400.0000	0.4154
401.0000	0.4151
402.0000	0.4148
403.0000	0.4145
404.0000	0.4144
405.0000	0.4145
406.0000	0.4142
407.0000	0.4139
408.0000	0.4135
409.0000	0.4132
410.0000	0.4125
411.0000	0.4118
412.0000	0.4113
413.0000	0.4110
414.0000	0.4110
415.0000	0.4109
416.0000	0.4104
417.0000	0.4100
418.0000	0.4096
419.0000	0.4084
420.0000	0.4077
421.0000	0.4069
422.0000	0.4064
423.0000	0.4061
424.0000	0.4056
425.0000	0.4047
426.0000	0.4045
427.0000	0.4044
428.0000	0.4041
429.0000	0.4038
430.0000	0.4036
431.0000	0.4033
432.0000	0.4028
433.0000	0.4026
434.0000	0.4024
435.0000	0.4019
436.0000	0.4012
437.0000	0.4008
438.0000	0.4005
439.0000	0.4001
440.0000	0.3998
441.0000	0.3995
442.0000	0.3993
443.0000	0.3989
444.0000	0.3978
445.0000	0.3974
446.0000	0.3966
447.0000	0.3965
448.0000	0.3961
449.0000	0.3958
450.0000	0.3952
451.0000	0.3952
452.0000	0.3947
453.0000	0.3945
454.0000	0.3943
455.0000	0.3942
456.0000	0.3941
457.0000	0.3936
458.0000	0.3932
459.0000	0.3930
460.0000	0.3926
461.0000	0.3919
462.0000	0.3916
463.0000	0.3913
464.0000	0.3915
465.0000	0.3913
466.0000	0.3911
467.0000	0.3911
468.0000	0.3906
469.0000	0.3898
470.0000	0.3895
471.0000	0.3892
472.0000	0.3889
473.0000	0.3887
474.0000	0.3885
475.0000	0.3881
476.0000	0.3879
477.0000	0.3878
478.0000	0.3877
479.0000	0.3875
480.0000	0.3872
481.0000	0.3869
482.0000	0.3868
483.0000	0.3866
484.0000	0.3865
485.0000	0.3862
486.0000	0.3857
487.0000	0.3855
488.0000	0.3854
489.0000	0.3849
490.0000	0.3846
491.0000	0.3844
492.0000	0.3842
493.0000	0.3839
494.0000	0.3832
495.0000	0.3828
496.0000	0.3824
497.0000	0.3820
498.0000	0.3819
499.0000	0.3816
500.0000	0.3811
501.0000	0.3809
502.0000	0.3805
503.0000	0.3803
504.0000	0.3801
505.0000	0.3803
506.0000	0.3800
507.0000	0.3797
508.0000	0.3795
509.0000	0.3793
510.0000	0.3789
511.0000	0.3784
512.0000	0.3781
513.0000	0.3778
514.0000	0.3775
515.0000	0.3774
516.0000	0.3771
517.0000	0.3771
518.0000	0.3770
519.0000	0.3766
520.0000	0.3761
521.0000	0.3758
522.0000	0.3756
523.0000	0.3754
524.0000	0.3751
525.0000	0.3745
526.0000	0.3744
527.0000	0.3739
528.0000	0.3736
529.0000	0.3735
530.0000	0.3732
531.0000	0.3730
532.0000	0.3729
533.0000	0.3725
534.0000	0.3722
535.0000	0.3720
536.0000	0.3716
537.0000	0.3715
538.0000	0.3711
539.0000	0.3711
540.0000	0.3708
541.0000	0.3707
542.0000	0.3707
543.0000	0.3706
544.0000	0.3701
545.0000	0.3699
546.0000	0.3695
547.0000	0.3690
548.0000	0.3687
549.0000	0.3686
550.0000	0.3682
551.0000	0.3681
552.0000	0.3676
553.0000	0.3672
554.0000	0.3671
555.0000	0.3669
556.0000	0.3668
557.0000	0.3666
558.0000	0.3663
559.0000	0.3660
560.0000	0.3654
561.0000	0.3650
562.0000	0.3649
563.0000	0.3646
564.0000	0.3645
565.0000	0.3643
566.0000	0.3641
567.0000	0.3640
568.0000	0.3639
569.0000	0.3634
570.0000	0.3632
571.0000	0.3629
572.0000	0.3626
573.0000	0.3624
574.0000	0.3622
575.0000	0.3621
576.0000	0.3621
577.0000	0.3617
578.0000	0.3614
579.0000	0.3613
580.0000	0.3613
581.0000	0.3611
582.0000	0.3609
583.0000	0.3608
584.0000	0.3608
585.0000	0.3606
586.0000	0.3603
587.0000	0.3601
588.0000	0.3599
589.0000	0.3596
590.0000	0.3596
591.0000	0.3591
592.0000	0.3589
593.0000	0.3589
594.0000	0.3583
595.0000	0.3580
596.0000	0.3578
597.0000	0.3571
598.0000	0.3569
599.0000	0.3567
600.0000	0.3567
601.0000	0.3566
602.0000	0.3563
603.0000	0.3561
604.0000	0.3562
605.0000	0.3562
606.0000	0.3560
607.0000	0.3558
608.0000	0.3557
609.0000	0.3557
610.0000	0.3554
611.0000	0.3552
612.0000	0.3551
613.0000	0.3548
614.0000	0.3546
615.0000	0.3545
616.0000	0.3542
617.0000	0.3541
618.0000	0.3539
619.0000	0.3533
620.0000	0.3532
621.0000	0.3529
622.0000	0.3527
623.0000	0.3525
624.0000	0.3524
625.0000	0.3522
626.0000	0.3521
627.0000	0.3515
628.0000	0.3513
629.0000	0.3512
630.0000	0.3512
631.0000	0.3511
632.0000	0.3509
633.0000	0.3507
634.0000	0.3507
635.0000	0.3505
636.0000	0.3504
637.0000	0.3500
638.0000	0.3498
639.0000	0.3498
640.0000	0.3497
641.0000	0.3494
642.0000	0.3494
643.0000	0.3490
644.0000	0.3485
645.0000	0.3483
646.0000	0.3482
647.0000	0.3479
648.0000	0.3478
649.0000	0.3477
650.0000	0.3476
651.0000	0.3474
652.0000	0.3471
653.0000	0.3468
654.0000	0.3468
655.0000	0.3465
656.0000	0.3462
657.0000	0.3461
658.0000	0.3459
659.0000	0.3459
660.0000	0.3455
661.0000	0.3452
662.0000	0.3451
663.0000	0.3448
664.0000	0.3449
665.0000	0.3449
666.0000	0.3445
667.0000	0.3446
668.0000	0.3444
669.0000	0.3440
670.0000	0.3438
671.0000	0.3437
672.0000	0.3434
673.0000	0.3435
674.0000	0.3434
675.0000	0.3432
676.0000	0.3430
677.0000	0.3424
678.0000	0.3423
679.0000	0.3421
680.0000	0.3422
681.0000	0.3418
682.0000	0.3417
683.0000	0.3417
684.0000	0.3416
685.0000	0.3413
686.0000	0.3411
687.0000	0.3411
688.0000	0.3409
689.0000	0.3408
690.0000	0.3407
691.0000	0.3403
692.0000	0.3403
693.0000	0.3401
694.0000	0.3397
695.0000	0.3396
696.0000	0.3396
697.0000	0.3394
698.0000	0.3391
699.0000	0.3389
700.0000	0.3388
701.0000	0.3386
702.0000	0.3385
703.0000	0.3382
704.0000	0.3383
705.0000	0.3382
706.0000	0.3377
707.0000	0.3375
708.0000	0.3375
709.0000	0.3374
710.0000	0.3369
711.0000	0.3369
712.0000	0.3369
713.0000	0.3369
714.0000	0.3370
715.0000	0.3369
716.0000	0.3366
717.0000	0.3366
718.0000	0.3363
719.0000	0.3360
720.0000	0.3360
721.0000	0.3358
722.0000	0.3356
723.0000	0.3356
724.0000	0.3355
725.0000	0.3353
726.0000	0.3352
727.0000	0.3348
728.0000	0.3345
729.0000	0.3347
730.0000	0.3349
731.0000	0.3346
732.0000	0.3344
733.0000	0.3343
734.0000	0.3344
735.0000	0.3339
736.0000	0.3339
737.0000	0.3338
738.0000	0.3337
739.0000	0.3336
740.0000	0.3335
741.0000	0.3332
742.0000	0.3330
743.0000	0.3329
744.0000	0.3327
745.0000	0.3325
746.0000	0.3322
747.0000	0.3320
748.0000	0.3320
749.0000	0.3318
750.0000	0.3319
751.0000	0.3319
752.0000	0.3315
753.0000	0.3311
754.0000	0.3311
755.0000	0.3312
756.0000	0.3309
757.0000	0.3307
758.0000	0.3304
759.0000	0.3304
760.0000	0.3298
761.0000	0.3297
762.0000	0.3298
763.0000	0.3297
764.0000	0.3298
765.0000	0.3298
766.0000	0.3296
767.0000	0.3296
768.0000	0.3295
769.0000	0.3291
770.0000	0.3290
771.0000	0.3290
772.0000	0.3288
773.0000	0.3285
774.0000	0.3285
775.0000	0.3284
776.0000	0.3283
777.0000	0.3281
778.0000	0.3279
779.0000	0.3279
780.0000	0.3279
781.0000	0.3277
782.0000	0.3276
783.0000	0.3275
784.0000	0.3274
785.0000	0.3269
786.0000	0.3268
787.0000	0.3267
788.0000	0.3269
789.0000	0.3269
790.0000	0.3266
791.0000	0.3262
792.0000	0.3262
793.0000	0.3261
794.0000	0.3260
795.0000	0.3259
796.0000	0.3258
797.0000	0.3256
798.0000	0.3257
799.0000	0.3254
800.0000	0.3252
801.0000	0.3250
802.0000	0.3247
803.0000	0.3245
804.0000	0.3244
805.0000	0.3244
806.0000	0.3239
807.0000	0.3239
808.0000	0.3239
809.0000	0.3239
810.0000	0.3233
811.0000	0.3231
812.0000	0.3230
813.0000	0.3230
814.0000	0.3232
815.0000	0.3230
816.0000	0.3228
817.0000	0.3227
818.0000	0.3226
819.0000	0.3223
820.0000	0.3223
821.0000	0.3223
822.0000	0.3220
823.0000	0.3221
824.0000	0.3221
825.0000	0.3220
826.0000	0.3220
827.0000	0.3216
828.0000	0.3214
829.0000	0.3213
830.0000	0.3212
831.0000	0.3209
832.0000	0.3207
833.0000	0.3205
834.0000	0.3205
835.0000	0.3199
836.0000	0.3197
837.0000	0.3197
838.0000	0.3196
839.0000	0.3197
840.0000	0.3195
841.0000	0.3194
842.0000	0.3192
843.0000	0.3191
844.0000	0.3188
845.0000	0.3187
846.0000	0.3185
847.0000	0.3183
848.0000	0.3184
849.0000	0.3182
850.0000	0.3179
851.0000	0.3180
852.0000	0.3176
853.0000	0.3174
854.0000	0.3175
855.0000	0.3173
856.0000	0.3168
857.0000	0.3168
858.0000	0.3169
859.0000	0.3168
860.0000	0.3165
861.0000	0.3163
862.0000	0.3162
863.0000	0.3161
864.0000	0.3160
865.0000	0.3157
866.0000	0.3156
867.0000	0.3156
868.0000	0.3155
869.0000	0.3153
870.0000	0.3152
871.0000	0.3149
872.0000	0.3146
873.0000	0.3146
874.0000	0.3146
875.0000	0.3145
876.0000	0.3143
877.0000	0.3136
878.0000	0.3134
879.0000	0.3134
880.0000	0.3131
881.0000	0.3128
882.0000	0.3128
883.0000	0.3126
884.0000	0.3125
885.0000	0.3119
886.0000	0.3114
887.0000	0.3113
888.0000	0.3112
889.0000	0.3113
890.0000	0.3111
891.0000	0.3109
892.0000	0.3108
893.0000	0.3108
894.0000	0.3106
895.0000	0.3104
896.0000	0.3103
897.0000	0.3101
898.0000	0.3102
899.0000	0.3100
900.0000	0.3099
901.0000	0.3099
902.0000	0.3095
903.0000	0.3093
904.0000	0.3091
905.0000	0.3090
906.0000	0.3085
907.0000	0.3084
908.0000	0.3083
909.0000	0.3082
910.0000	0.3077
911.0000	0.3077
912.0000	0.3075
913.0000	0.3075
914.0000	0.3077
915.0000	0.3076
916.0000	0.3074
917.0000	0.3072
918.0000	0.3071
919.0000	0.3068
920.0000	0.3066
921.0000	0.3066
922.0000	0.3063
923.0000	0.3063
924.0000	0.3061
925.0000	0.3060
926.0000	0.3060
927.0000	0.3054
928.0000	0.3052
929.0000	0.3051
930.0000	0.3050
931.0000	0.3045
932.0000	0.3045
933.0000	0.3043
934.0000	0.3041
935.0000	0.3036
936.0000	0.3035
937.0000	0.3034
938.0000	0.3032
939.0000	0.3032
940.0000	0.3030
941.0000	0.3030
942.0000	0.3028
943.0000	0.3025
944.0000	0.3023
945.0000	0.3023
946.0000	0.3020
947.0000	0.3019
948.0000	0.3020
949.0000	0.3019
950.0000	0.3018
951.0000	0.3016
952.0000	0.3010
953.0000	0.3008
954.0000	0.3007
955.0000	0.3004
956.0000	0.3001
957.0000	0.3001
958.0000	0.2999
959.0000	0.2998
960.0000	0.2996
961.0000	0.2993
962.0000	0.2992
963.0000	0.2992
964.0000	0.2994
965.0000	0.2992
966.0000	0.2989
967.0000	0.2988
968.0000	0.2985
969.0000	0.2983
970.0000	0.2984
971.0000	0.2982
972.0000	0.2980
973.0000	0.2979
974.0000	0.2977
975.0000	0.2975
976.0000	0.2974
977.0000	0.2971
978.0000	0.2968
979.0000	0.2969
980.0000	0.2969
981.0000	0.2968
982.0000	0.2965
983.0000	0.2965
984.0000	0.2963
985.0000	0.2962
986.0000	0.2960
987.0000	0.2959
988.0000	0.2959
989.0000	0.2957
990.0000	0.2955
991.0000	0.2952
992.0000	0.2950
993.0000	0.2947
994.0000	0.2945
995.0000	0.2942
996.0000	0.2939
997.0000	0.2936
998.0000	0.2934
999.0000	0.2932