0.0000	0.9991
1.0000	0.9987
2.0000	0.9982
3.0000	0.9977
4.0000	0.9975
5.0000	0.9973
6.0000	0.9970
7.0000	0.9966
8.0000	0.9957
9.0000	0.9944
10.0000	0.9938
11.0000	0.9932
12.0000	0.9928
13.0000	0.9922
14.0000	0.9916
15.0000	0.9908
16.0000	0.9901
17.0000	0.9894
18.0000	0.9888
19.0000	0.9880
20.0000	0.9872
21.0000	0.9864
22.0000	0.9851
23.0000	0.9839
24.0000	0.9830
25.0000	0.9820
26.0000	0.9809
27.0000	0.9796
28.0000	0.9785
29.0000	0.9774
30.0000	0.9761
31.0000	0.9751
32.0000	0.9738
33.0000	0.9722
34.0000	0.9707
35.0000	0.9682
36.0000	0.9667
37.0000	0.9651
38.0000	0.9640
39.0000	0.9625
40.0000	0.9605
41.0000	0.9551
42.0000	0.9521
43.0000	0.9504
44.0000	0.9477
45.0000	0.9454
46.0000	0.9436
47.0000	0.9401
48.0000	0.9379
49.0000	0.9345
50.0000	0.9314
51.0000	0.9290
52.0000	0.9265
53.0000	0.9252
54.0000	0.9237
55.0000	0.9208
56.0000	0.9185
57.0000	0.9159
58.0000	0.9128
59.0000	0.9092
60.0000	0.9059
61.0000	0.9032
62.0000	0.8979
63.0000	0.8965
64.0000	0.8946
65.0000	0.8913
66.0000	0.8900
67.0000	0.8875
68.0000	0.8849
69.0000	0.8826
70.0000	0.8799
71.0000	0.8779
72.0000	0.8720
73.0000	0.8686
74.0000	0.8623
75.0000	0.8579
76.0000	0.8538
77.0000	0.8514
78.0000	0.8498
79.0000	0.8472
80.0000	0.8424
81.0000	0.8394
82.0000	0.8356
83.0000	0.8294
84.0000	0.8256
85.0000	0.8196
86.0000	0.8145
87.0000	0.8107
88.0000	0.8087
89.0000	0.8062
90.0000	0.7958
91.0000	0.7944
92.0000	0.7915
93.0000	0.7895
94.0000	0.7870
95.0000	0.7840
96.0000	0.7820
97.0000	0.7756
98.0000	0.7723
99.0000	0.7667
100.0000	0.7628
101.0000	0.7595
102.0000	0.7569
103.0000	0.7550
104.0000	0.7513
105.0000	0.7472
106.0000	0.7444
107.0000	0.7408
108.0000	0.7362
109.0000	0.7297
110.0000	0.7230
111.0000	0.7186
112.0000	0.7149
113.0000	0.7124
114.0000	0.7096
115.0000	0.6978
116.0000	0.6954
117.0000	0.6924
118.0000	0.6911
119.0000	0.6883
120.0000	0.6851
121.0000	0.6821
122.0000	0.6771
123.0000	0.6725
124.0000	0.6673
125.0000	0.6643
126.0000	0.6606
127.0000	0.6578
128.0000	0.6561
129.0000	0.6520
130.0000	0.6481
131.0000	0.6459
132.0000	0.6429
133.0000	0.6388
134.0000	0.6342
135.0000	0.6296
136.0000	0.6252
137.0000	0.6217
138.0000	0.6197
139.0000	0.6173
140.0000	0.6082
141.0000	0.6070
142.0000	0.6038
143.0000	0.6014
144.0000	0.5986
145.0000	0.5961
146.0000	0.5925
147.0000	0.5872
148.0000	0.5839
149.0000	0.5800
150.0000	0.5770
151.0000	0.5713
152.0000	0.5692
153.0000	0.5651
154.0000	0.5629
155.0000	0.5594
156.0000	0.5577
157.0000	0.5549
158.0000	0.5517
159.0000	0.5471
160.0000	0.5444
161.0000	0.5417
162.0000	0.5387
163.0000	0.5369
164.0000	0.5351
165.0000	0.5254
166.0000	0.5241
167.0000	0.5217
168.0000	0.5202
169.0000	0.5172
170.0000	0.5149
171.0000	0.5131
172.0000	0.5087
173.0000	0.5049
174.0000	0.4999
175.0000	0.4964
176.0000	0.4914
177.0000	0.4894
178.0000	0.4867
179.0000	0.4852
180.0000	0.4815
181.0000	0.4788
182.0000	0.4767
183.0000	0.4745
184.0000	0.4711
185.0000	0.4686
186.0000	0.4658
187.0000	0.4632
188.0000	0.4620
189.0000	0.4606
190.0000	0.4530
191.0000	0.4517
192.0000	0.4492
193.0000	0.4477
194.0000	0.4444
195.0000	0.4428
196.0000	0.4410
197.0000	0.4352
198.0000	0.4328
199.0000	0.4288
200.0000	0.4255
201.0000	0.4203
202.0000	0.4182
203.0000	0.4148
204.0000	0.4133
205.0000	0.4097
206.0000	0.4082
207.0000	0.4065
208.0000	0.4044
209.0000	0.4009
210.0000	0.3983
211.0000	0.3956
212.0000	0.3928
213.0000	0.3917
214.0000	0.3906
215.0000	0.3873
216.0000	0.3867
217.0000	0.3846
218.0000	0.3835
219.0000	0.3812
220.0000	0.3799
221.0000	0.3783
222.0000	0.3743
223.0000	0.3722
224.0000	0.3685
225.0000	0.3657
226.0000	0.3625
227.0000	0.3609
228.0000	0.3587
229.0000	0.3574
230.0000	0.3542
231.0000	0.3531
232.0000	0.3515
233.0000	0.3496
234.0000	0.3461
235.0000	0.3439
236.0000	0.3418
237.0000	0.3394
238.0000	0.3388
239.0000	0.3378
240.0000	0.3347
241.0000	0.3341
242.0000	0.3328
243.0000	0.3320
244.0000	0.3302
245.0000	0.3287
246.0000	0.3270
247.0000	0.3237
248.0000	0.3212
249.0000	0.3188
250.0000	0.3162
251.0000	0.3139
252.0000	0.3129
253.0000	0.3109
254.0000	0.3098
255.0000	0.3075
256.0000	0.3067
257.0000	0.3056
258.0000	0.3043
259.0000	0.3010
260.0000	0.2990
261.0000	0.2973
262.0000	0.2957
263.0000	0.2950
264.0000	0.2941
265.0000	0.2914
266.0000	0.2907
267.0000	0.2893
268.0000	0.2887
269.0000	0.2870
270.0000	0.2857
271.0000	0.2843
272.0000	0.2814
273.0000	0.2791
274.0000	0.2763
275.0000	0.2746
276.0000	0.2727
277.0000	0.2719
278.0000	0.2704
279.0000	0.2685
280.0000	0.2665
281.0000	0.2657
282.0000	0.2648
283.0000	0.2635
284.0000	0.2614
285.0000	0.2592
286.0000	0.2574
287.0000	0.2556
288.0000	0.2551
289.0000	0.2545
290.0000	0.2518
291.0000	0.2514
292.0000	0.2510
293.0000	0.2507
294.0000	0.2492
295.0000	0.2481
296.0000	0.2470
297.0000	0.2445
298.0000	0.2431
299.0000	0.2416
300.0000	0.2407
301.0000	0.2394
302.0000	0.2386
303.0000	0.2371
304.0000	0.2357
305.0000	0.2335
306.0000	0.2318
307.0000	0.2306
308.0000	0.2289
309.0000	0.2273
310.0000	0.2255
311.0000	0.2241
312.0000	0.2230
313.0000	0.2223
314.0000	0.2208
315.0000	0.2189
316.0000	0.2183
317.0000	0.2178
318.0000	0.2174
319.0000	0.2163
320.0000	0.2153
321.0000	0.2142
322.0000	0.2117
323.0000	0.2103
324.0000	0.2086
325.0000	0.2081
326.0000	0.2067
327.0000	0.2062
328.0000	0.2050
329.0000	0.2039
330.0000	0.2020
331.0000	0.2008
332.0000	0.2000
333.0000	0.1983
334.0000	0.1970
335.0000	0.1955
336.0000	0.1942
337.0000	0.1932
338.0000	0.1922
339.0000	0.1913
340.0000	0.1894
341.0000	0.1889
342.0000	0.1885
343.0000	0.1881
344.0000	0.1871
345.0000	0.1860
346.0000	0.1852
347.0000	0.1839
348.0000	0.1830
349.0000	0.1822
350.0000	0.1817
351.0000	0.1807
352.0000	0.1804
353.0000	0.1791
354.0000	0.1780
355.0000	0.1768
356.0000	0.1761
357.0000	0.1757
358.0000	0.1746
359.0000	0.1731
360.0000	0.1715
361.0000	0.1711
362.0000	0.1703
363.0000	0.1698
364.0000	0.1688
365.0000	0.1672
366.0000	0.1667
367.0000	0.1664
368.0000	0.1659
369.0000	0.1651
370.0000	0.1644
371.0000	0.1634
372.0000	0.1620
373.0000	0.1609
374.0000	0.1599
375.0000	0.1595
376.0000	0.1582
377.0000	0.1577
378.0000	0.1563
379.0000	0.1555
380.0000	0.1542
381.0000	0.1536
382.0000	0.1532
383.0000	0.1523
384.0000	0.1509
385.0000	0.1498
386.0000	0.1496
387.0000	0.1490
388.0000	0.1484
389.0000	0.1478
390.0000	0.1465
391.0000	0.1460
392.0000	0.1459
393.0000	0.1457
394.0000	0.1452
395.0000	0.1446
396.0000	0.1437
397.0000	0.1428
398.0000	0.1420
399.0000	0.1411
400.0000	0.1406
401.0000	0.1399
402.0000	0.1393
403.0000	0.1383
404.0000	0.1376
405.0000	0.1365
406.0000	0.1361
407.0000	0.1355
408.0000	0.1352
409.0000	0.1348
410.0000	0.1345
411.0000	0.1342
412.0000	0.1344
413.0000	0.1339
414.0000	0.1333
415.0000	0.1321
416.0000	0.1318
417.0000	0.1317
418.0000	0.1315
419.0000	0.1310
420.0000	0.1304
421.0000	0.1298
422.0000	0.1289
423.0000	0.1283
424.0000	0.1274
425.0000	0.1269
426.0000	0.1264
427.0000	0.1261
428.0000	0.1252
429.0000	0.1246
430.0000	0.1242
431.0000	0.1238
432.0000	0.1235
433.0000	0.1232
434.0000	0.1227
435.0000	0.1224
436.0000	0.1222
437.0000	0.1222
438.0000	0.1219
439.0000	0.1215
440.0000	0.1203
441.0000	0.1199
442.0000	0.1197
443.0000	0.1198
444.0000	0.1193
445.0000	0.1190
446.0000	0.1185
447.0000	0.1177
448.0000	0.1173
449.0000	0.1165
450.0000	0.1164
451.0000	0.1159
452.0000	0.1157
453.0000	0.1152
454.0000	0.1147
455.0000	0.1143
456.0000	0.1142
457.0000	0.1138
458.0000	0.1136
459.0000	0.1132
460.0000	0.1128
461.0000	0.1126
462.0000	0.1125
463.0000	0.1123
464.0000	0.1118
465.0000	0.1107
466.0000	0.1103
467.0000	0.1101
468.0000	0.1099
469.0000	0.1097
470.0000	0.1093
471.0000	0.1088
472.0000	0.1083
473.0000	0.1079
474.0000	0.1074
475.0000	0.1070
476.0000	0.1068
477.0000	0.1065
478.0000	0.1061
479.0000	0.1055
480.0000	0.1053
481.0000	0.1051
482.0000	0.1048
483.0000	0.1044
484.0000	0.1040
485.0000	0.1038
486.0000	0.1036
487.0000	0.1037
488.0000	0.1036
489.0000	0.1033
490.0000	0.1023
491.0000	0.1021
492.0000	0.1018
493.0000	0.1017
494.0000	0.1014
495.0000	0.1011
496.0000	0.1008
497.0000	0.1002
498.0000	0.0998
499.0000	0.0993
500.0000	0.0991
501.0000	0.0989
502.0000	0.0986
503.0000	0.0982
504.0000	0.0980
505.0000	0.0978
506.0000	0.0976
507.0000	0.0974
508.0000	0.0972
509.0000	0.0967
510.0000	0.0963
511.0000	0.0962
512.0000	0.0961
513.0000	0.0959
514.0000	0.0955
515.0000	0.0951
516.0000	0.0949
517.0000	0.0948
518.0000	0.0948
519.0000	0.0944
520.0000	0.0943
521.0000	0.0938
522.0000	0.0933
523.0000	0.0929
524.0000	0.0924
525.0000	0.0922
526.0000	0.0918
527.0000	0.0917
528.0000	0.0911
529.0000	0.0907
530.0000	0.0906
531.0000	0.0905
532.0000	0.0903
533.0000	0.0901
534.0000	0.0899
535.0000	0.0897
536.0000	0.0895
537.0000	0.0894
538.0000	0.0892
539.0000	0.0890
540.0000	0.0887
541.0000	0.0886
542.0000	0.0885
543.0000	0.0883
544.0000	0.0882
545.0000	0.0879
546.0000	0.0875
547.0000	0.0870
548.0000	0.0868
549.0000	0.0862
550.0000	0.0860
551.0000	0.0857
552.0000	0.0856
553.0000	0.0853
554.0000	0.0849
555.0000	0.0847
556.0000	0.0845
557.0000	0.0843
558.0000	0.0842
559.0000	0.0837
560.0000	0.0835
561.0000	0.0834
562.0000	0.0836
563.0000	0.0834
564.0000	0.0833
565.0000	0.0831
566.0000	0.0830
567.0000	0.0828
568.0000	0.0828
569.0000	0.0825
570.0000	0.0824
571.0000	0.0823
572.0000	0.0818
573.0000	0.0816
574.0000	0.0810
575.0000	0.0809
576.0000	0.0807
577.0000	0.0804
578.0000	0.0800
579.0000	0.0797
580.0000	0.0792
581.0000	0.0790
582.0000	0.0790
583.0000	0.0787
584.0000	0.0784
585.0000	0.0784
586.0000	0.0782
587.0000	0.0784
588.0000	0.0784
589.0000	0.0781
590.0000	0.0781
591.0000	0.0779
592.0000	0.0779
593.0000	0.0777
594.0000	0.0776
595.0000	0.0774
596.0000	0.0772
597.0000	0.0770
598.0000	0.0767
599.0000	0.0765
600.0000	0.0765
601.0000	0.0762
602.0000	0.0760
603.0000	0.0758
604.0000	0.0756
605.0000	0.0753
606.0000	0.0750
607.0000	0.0750
608.0000	0.0749
609.0000	0.0745
610.0000	0.0743
611.0000	0.0742
612.0000	0.0744
613.0000	0.0743
614.0000	0.0742
615.0000	0.0740
616.0000	0.0740
617.0000	0.0738
618.0000	0.0737
619.0000	0.0736
620.0000	0.0734
621.0000	0.0733
622.0000	0.0729
623.0000	0.0727
624.0000	0.0726
625.0000	0.0725
626.0000	0.0722
627.0000	0.0720
628.0000	0.0717
629.0000	0.0715
630.0000	0.0714
631.0000	0.0713
632.0000	0.0713
633.0000	0.0712
634.0000	0.0710
635.0000	0.0709
636.0000	0.0708
637.0000	0.0708
638.0000	0.0707
639.0000	0.0707
640.0000	0.0705
641.0000	0.0705
642.0000	0.0703
643.0000	0.0702
644.0000	0.0701
645.0000	0.0700
646.0000	0.0697
647.0000	0.0694
648.0000	0.0692
649.0000	0.0690
650.0000	0.0689
651.0000	0.0688
652.0000	0.0685
653.0000	0.0683
654.0000	0.0680
655.0000	0.0679
656.0000	0.0678
657.0000	0.0678
658.0000	0.0677
659.0000	0.0673
660.0000	0.0674
661.0000	0.0674
662.0000	0.0674
663.0000	0.0672
664.0000	0.0672
665.0000	0.0672
666.0000	0.0671
667.0000	0.0669
668.0000	0.0668
669.0000	0.0666
670.0000	0.0664
671.0000	0.0663
672.0000	0.0660
673.0000	0.0657
674.0000	0.0655
675.0000	0.0653
676.0000	0.0651
677.0000	0.0650
678.0000	0.0648
679.0000	0.0647
680.0000	0.0647
681.0000	0.0647
682.0000	0.0646
683.0000	0.0645
684.0000	0.0642
685.0000	0.0643
686.0000	0.0643
687.0000	0.0643
688.0000	0.0642
689.0000	0.0640
690.0000	0.0639
691.0000	0.0639
692.0000	0.0638
693.0000	0.0637
694.0000	0.0635
695.0000	0.0633
696.0000	0.0633
697.0000	0.0629
698.0000	0.0626
699.0000	0.0625
700.0000	0.0625
701.0000	0.0622
702.0000	0.0621
703.0000	0.0619
704.0000	0.0618
705.0000	0.0618
706.0000	0.0617
707.0000	0.0616
708.0000	0.0614
709.0000	0.0613
710.0000	0.0613
711.0000	0.0612
712.0000	0.0612
713.0000	0.0611
714.0000	0.0610
715.0000	0.0608
716.0000	0.0607
717.0000	0.0607
718.0000	0.0606
719.0000	0.0606
720.0000	0.0604
721.0000	0.0604
722.0000	0.0601
723.0000	0.0600
724.0000	0.0598
725.0000	0.0598
726.0000	0.0596
727.0000	0.0595
728.0000	0.0592
729.0000	0.0591
730.0000	0.0591
731.0000	0.0591
732.0000	0.0591
733.0000	0.0590
734.0000	0.0589
735.0000	0.0589
736.0000	0.0588
737.0000	0.0588
738.0000	0.0589
739.0000	0.0588
740.0000	0.0588
741.0000	0.0587
742.0000	0.0587
743.0000	0.0586
744.0000	0.0586
745.0000	0.0584
746.0000	0.0582
747.0000	0.0577
748.0000	0.0577
749.0000	0.0575
750.0000	0.0574
751.0000	0.0572
752.0000	0.0572
753.0000	0.0570
754.0000	0.0568
755.0000	0.0567
756.0000	0.0566
757.0000	0.0564
758.0000	0.0564
759.0000	0.0563
760.0000	0.0563
761.0000	0.0563
762.0000	0.0562
763.0000	0.0562
764.0000	0.0561
765.0000	0.0560
766.0000	0.0559
767.0000	0.0559
768.0000	0.0559
769.0000	0.0558
770.0000	0.0556
771.0000	0.0554
772.0000	0.0553
773.0000	0.0552
774.0000	0.0552
775.0000	0.0552
776.0000	0.0550
777.0000	0.0550
778.0000	0.0548
779.0000	0.0547
780.0000	0.0546
781.0000	0.0545
782.0000	0.0544
783.0000	0.0544
784.0000	0.0545
785.0000	0.0546
786.0000	0.0546
787.0000	0.0546
788.0000	0.0546
789.0000	0.0545
790.0000	0.0544
791.0000	0.0543
792.0000	0.0542
793.0000	0.0542
794.0000	0.0540
795.0000	0.0537
796.0000	0.0538
797.0000	0.0538
798.0000	0.0538
799.0000	0.0538
800.0000	0.0536
801.0000	0.0535
802.0000	0.0534
803.0000	0.0534
804.0000	0.0532
805.0000	0.0532
806.0000	0.0531
807.0000	0.0531
808.0000	0.0531
809.0000	0.0531
810.0000	0.0530
811.0000	0.0530
812.0000	0.0530
813.0000	0.0530
814.0000	0.0529
815.0000	0.0528
816.0000	0.0527
817.0000	0.0526
818.0000	0.0526
819.0000	0.0525
820.0000	0.0523
821.0000	0.0523
822.0000	0.0523
823.0000	0.0521
824.0000	0.0521
825.0000	0.0520
826.0000	0.0519
827.0000	0.0520
828.0000	0.0519
829.0000	0.0518
830.0000	0.0517
831.0000	0.0518
832.0000	0.0517
833.0000	0.0516
834.0000	0.0514
835.0000	0.0512
836.0000	0.0512
837.0000	0.0511
838.0000	0.0511
839.0000	0.0508
840.0000	0.0507
841.0000	0.0507
842.0000	0.0506
843.0000	0.0506
844.0000	0.0506
845.0000	0.0503
846.0000	0.0502
847.0000	0.0501
848.0000	0.0500
849.0000	0.0499
850.0000	0.0499
851.0000	0.0498
852.0000	0.0498
853.0000	0.0497
854.0000	0.0496
855.0000	0.0497
856.0000	0.0496
857.0000	0.0495
858.0000	0.0494
859.0000	0.0494
860.0000	0.0493
861.0000	0.0493
862.0000	0.0492
863.0000	0.0492
864.0000	0.0491
865.0000	0.0491
866.0000	0.0491
867.0000	0.0490
868.0000	0.0489
869.0000	0.0488
870.0000	0.0485
871.0000	0.0485
872.0000	0.0485
873.0000	0.0484
874.0000	0.0484
875.0000	0.0483
876.0000	0.0483
877.0000	0.0483
878.0000	0.0482
879.0000	0.0482
880.0000	0.0481
881.0000	0.0480
882.0000	0.0480
883.0000	0.0480
884.0000	0.0479
885.0000	0.0477
886.0000	0.0477
887.0000	0.0480
888.0000	0.0480
889.0000	0.0480
890.0000	0.0480
891.0000	0.0480
892.0000	0.0480
893.0000	0.0479
894.0000	0.0478
895.0000	0.0477
896.0000	0.0476
897.0000	0.0476
898.0000	0.0475
899.0000	0.0474
900.0000	0.0474
901.0000	0.0474
902.0000	0.0474
903.0000	0.0473
904.0000	0.0473
905.0000	0.0471
906.0000	0.0471
907.0000	0.0471
908.0000	0.0470
909.0000	0.0468
910.0000	0.0467
911.0000	0.0466
912.0000	0.0468
913.0000	0.0468
914.0000	0.0468
915.0000	0.0466
916.0000	0.0467
917.0000	0.0466
918.0000	0.0466
919.0000	0.0465
920.0000	0.0464
921.0000	0.0463
922.0000	0.0463
923.0000	0.0462
924.0000	0.0461
925.0000	0.0461
926.0000	0.0462
927.0000	0.0462
928.0000	0.0461
929.0000	0.0460
930.0000	0.0460
931.0000	0.0460
932.0000	0.0460
933.0000	0.0461
934.0000	0.0460
935.0000	0.0459
936.0000	0.0459
937.0000	0.0459
938.0000	0.0458
939.0000	0.0457
940.0000	0.0458
941.0000	0.0457
942.0000	0.0457
943.0000	0.0456
944.0000	0.0456
945.0000	0.0453
946.0000	0.0453
947.0000	0.0453
948.0000	0.0453
949.0000	0.0451
950.0000	0.0451
951.0000	0.0450
952.0000	0.0449
953.0000	0.0447
954.0000	0.0446
955.0000	0.0445
956.0000	0.0444
957.0000	0.0444
958.0000	0.0443
959.0000	0.0441
960.0000	0.0442
961.0000	0.0442
962.0000	0.0442
963.0000	0.0441
964.0000	0.0441
965.0000	0.0441
966.0000	0.0442
967.0000	0.0442
968.0000	0.0441
969.0000	0.0441
970.0000	0.0439
971.0000	0.0437
972.0000	0.0437
973.0000	0.0437
974.0000	0.0438
975.0000	0.0438
976.0000	0.0436
977.0000	0.0436
978.0000	0.0436
979.0000	0.0435
980.0000	0.0434
981.0000	0.0433
982.0000	0.0433
983.0000	0.0432
984.0000	0.0431
985.0000	0.0430
986.0000	0.0430
987.0000	0.0428
988.0000	0.0428
989.0000	0.0428
990.0000	0.0427
991.0000	0.0427
992.0000	0.0427
993.0000	0.0427
994.0000	0.0427
995.0000	0.0426
996.0000	0.0426
997.0000	0.0425
998.0000	0.0424
999.0000	0.0424
1000.0000	0.0424
